Welcome to Maman22!
In this program you can manipulate and play with matrixes!
Here are the commands:

	print_mat MATRIX_NAME - prints the matrix into the screen

	read_mat MATRIX_NAME, arg1, arg2 ... - feels the given matrix with the given arguments.

	add_mat MATRIX1_NAME MATRIX2_NAME MATRIX3_NAME - adds MATRIX1 and MATRIX2 and stores the result in MATRIX3

	sub_mat MATRIX1_NAME MATRIX2_NAME MATRIX3_NAME - substracts MATRIX1 and MATRIX2 and stores the result in MATRIX3

	mul_mat MATRIX1_NAME MATRIX2_NAME MATRIX3_NAME - muliplies MATRIX1 and MATRIX2 and stores the result in MATRIX3

	mul_scalar MATRIX1_NAME SCALAR MATRIX2_NAME - muliplies MATRIX1 by the SCALAR,  and stores the result in MATRIX2

	trans_mat MATRIX1_NAME MATRIX2_NAME - transposes MATRIX1 and stores the result in MATRIX2


The matrix names are: MAT_A, MAT_B, MAT_C, MAT_D, MAT_E, MAT_F
> You have entered: print_mat MAT_A
0.000000	0.000000	0.000000	0.000000	
0.000000	0.000000	0.000000	0.000000	
0.000000	0.000000	0.000000	0.000000	
0.000000	0.000000	0.000000	0.000000	

> You have entered: print_mat MAT_B
0.000000	0.000000	0.000000	0.000000	
0.000000	0.000000	0.000000	0.000000	
0.000000	0.000000	0.000000	0.000000	
0.000000	0.000000	0.000000	0.000000	

> You have entered: print_mat MAT_C
0.000000	0.000000	0.000000	0.000000	
0.000000	0.000000	0.000000	0.000000	
0.000000	0.000000	0.000000	0.000000	
0.000000	0.000000	0.000000	0.000000	

> You have entered: read_mat MAT_A, 1, 2, 3, 3, 4, 5, 6, 7, 8, 9, 1, 2, 3, 4, 5, 6, 6, 6, 6, 6, 6
The matrix now is: 
1.000000	2.000000	3.000000	3.000000	
4.000000	5.000000	6.000000	7.000000	
8.000000	9.000000	1.000000	2.000000	
3.000000	4.000000	5.000000	6.000000	

> You have entered: read_mat MAT_B, 1, 2.3456, -7.89
The matrix now is: 
1.000000	2.345600	-7.890000	0.000000	
0.000000	0.000000	0.000000	0.000000	
0.000000	0.000000	0.000000	0.000000	
0.000000	0.000000	0.000000	0.000000	

> You have entered: read_mat MAT_C, 1, 2, 3, 4, 5, 6, 7, 8, 9, 10, 11, 12, 13, 14, 15, 16
The matrix now is: 
1.000000	2.000000	3.000000	4.000000	
5.000000	6.000000	7.000000	8.000000	
9.000000	10.000000	11.000000	12.000000	
13.000000	14.000000	15.000000	16.000000	

> You have entered: print_mat MAT_A
1.000000	2.000000	3.000000	3.000000	
4.000000	5.000000	6.000000	7.000000	
8.000000	9.000000	1.000000	2.000000	
3.000000	4.000000	5.000000	6.000000	

> You have entered: print_mat MAT_B
1.000000	2.345600	-7.890000	0.000000	
0.000000	0.000000	0.000000	0.000000	
0.000000	0.000000	0.000000	0.000000	
0.000000	0.000000	0.000000	0.000000	

> You have entered: print_mat MAT_C
1.000000	2.000000	3.000000	4.000000	
5.000000	6.000000	7.000000	8.000000	
9.000000	10.000000	11.000000	12.000000	
13.000000	14.000000	15.000000	16.000000	

> You have entered: add_mat MAT_A, MAT_B, MAT_D
Successfully added the 2 matrixes!
The result matrix is: 
2.000000	4.345600	-4.890000	3.000000	
4.000000	5.000000	6.000000	7.000000	
8.000000	9.000000	1.000000	2.000000	
3.000000	4.000000	5.000000	6.000000	

> You have entered: print_mat MAT_D
2.000000	4.345600	-4.890000	3.000000	
4.000000	5.000000	6.000000	7.000000	
8.000000	9.000000	1.000000	2.000000	
3.000000	4.000000	5.000000	6.000000	

> You have entered: sub_mat MAT_B, MAT_A, MAT_E
Successfully substraced the 2 matrixes!
The result matrix is: 
0.000000	0.345600	-10.890000	-3.000000	
-4.000000	-5.000000	-6.000000	-7.000000	
-8.000000	-9.000000	-1.000000	-2.000000	
-3.000000	-4.000000	-5.000000	-6.000000	

> You have entered: print_mat MAT_E
0.000000	0.345600	-10.890000	-3.000000	
-4.000000	-5.000000	-6.000000	-7.000000	
-8.000000	-9.000000	-1.000000	-2.000000	
-3.000000	-4.000000	-5.000000	-6.000000	

> You have entered: mul_mat MAT_B, MAT_C, MAT_F
Successfully multiplied the 2 matrixes!
The result matrix is: 
-58.282000	-62.826400	-67.370800	-71.915200	
0.000000	0.000000	0.000000	0.000000	
0.000000	0.000000	0.000000	0.000000	
0.000000	0.000000	0.000000	0.000000	

> You have entered: print_mat MAT_F
-58.282000	-62.826400	-67.370800	-71.915200	
0.000000	0.000000	0.000000	0.000000	
0.000000	0.000000	0.000000	0.000000	
0.000000	0.000000	0.000000	0.000000	

> You have entered: mul_scalar MAT_A, 12.5, MAT_A
Successfully multiplied by scalar!
The result matrix is: 
12.500000	25.000000	37.500000	37.500000	
50.000000	62.500000	75.000000	87.500000	
100.000000	112.500000	12.500000	25.000000	
37.500000	50.000000	62.500000	75.000000	

> You have entered: print_mat MAT_A
12.500000	25.000000	37.500000	37.500000	
50.000000	62.500000	75.000000	87.500000	
100.000000	112.500000	12.500000	25.000000	
37.500000	50.000000	62.500000	75.000000	

> You have entered: trans_mat MAT_C, MAT_C
Successfully transposed the matrixe!
The result matrix is: 
1.000000	5.000000	9.000000	13.000000	
2.000000	6.000000	10.000000	14.000000	
3.000000	7.000000	11.000000	15.000000	
4.000000	8.000000	12.000000	16.000000	

> You have entered: print_mat MAT_C
1.000000	5.000000	9.000000	13.000000	
2.000000	6.000000	10.000000	14.000000	
3.000000	7.000000	11.000000	15.000000	
4.000000	8.000000	12.000000	16.000000	

> You have entered: read_mat MAT_B, 0
The matrix now is: 
0.000000	2.345600	-7.890000	0.000000	
0.000000	0.000000	0.000000	0.000000	
0.000000	0.000000	0.000000	0.000000	
0.000000	0.000000	0.000000	0.000000	

> You have entered: print_mat MAT_B
0.000000	2.345600	-7.890000	0.000000	
0.000000	0.000000	0.000000	0.000000	
0.000000	0.000000	0.000000	0.000000	
0.000000	0.000000	0.000000	0.000000	

> You have entered: mul_mat MAT_A,MAT_A,MAT_A
Successfully multiplied the 2 matrixes!
The result matrix is: 
6562.500000	7968.750000	5156.250000	6406.250000	
14531.250000	17968.750000	12968.750000	15781.250000	
9062.500000	12187.500000	13906.250000	15781.250000	
12031.250000	14843.750000	10625.000000	12968.750000	

> You have entered: print_mat MAT_A
6562.500000	7968.750000	5156.250000	6406.250000	
14531.250000	17968.750000	12968.750000	15781.250000	
9062.500000	12187.500000	13906.250000	15781.250000	
12031.250000	14843.750000	10625.000000	12968.750000	

> You have entered: stop
Bye bye!
Bye!
I hope you liked my program :)
